[gd_scene load_steps=38 format=3]

[sub_resource type="CylinderMesh" id="Mesh_1"]
top_radius = 1.00000
bottom_radius = 1.00000
height = 0.13500
radial_segments = 6
rings = 1

[sub_resource type="StandardMaterial3D" id="Mat_2"]
albedo_color = Color(0.4863, 0.1804, 0.1098, 1)
cull_mode = 2
roughness = 0.950

[sub_resource type="CylinderMesh" id="Mesh_3"]
top_radius = 1.00000
bottom_radius = 1.00000
height = 0.06200
radial_segments = 6
rings = 1

[sub_resource type="StandardMaterial3D" id="Mat_4"]
albedo_color = Color(0.7373, 0.2902, 0.1725, 1)
cull_mode = 2
roughness = 0.900

[sub_resource type="CylinderMesh" id="Mesh_5"]
top_radius = 0.30500
bottom_radius = 0.30500
height = 0.21500
radial_segments = 16
rings = 1

[sub_resource type="StandardMaterial3D" id="Mat_6"]
albedo_color = Color(0.6627, 0.2627, 0.1451, 1)
cull_mode = 2
roughness = 0.850

[sub_resource type="CylinderMesh" id="Mesh_7"]
top_radius = 0.31500
bottom_radius = 0.31500
height = 0.02200
radial_segments = 16
rings = 1

[sub_resource type="StandardMaterial3D" id="Mat_8"]
albedo_color = Color(0.7843, 0.3333, 0.1804, 1)
cull_mode = 2
roughness = 0.850

[sub_resource type="SphereMesh" id="Mesh_9"]
radius = 0.30000
height = 0.60000
radial_segments = 16
rings = 8

[sub_resource type="StandardMaterial3D" id="Mat_10"]
albedo_color = Color(0.7961, 0.6039, 0.4000, 1)
cull_mode = 2
roughness = 0.880

[sub_resource type="CylinderMesh" id="Mesh_11"]
top_radius = 0.12500
bottom_radius = 0.12500
height = 0.08500
radial_segments = 14
rings = 1

[sub_resource type="CylinderMesh" id="Mesh_12"]
top_radius = 0.09200
bottom_radius = 0.09200
height = 0.23500
radial_segments = 14
rings = 1

[sub_resource type="CylinderMesh" id="Mesh_13"]
top_radius = 0.10800
bottom_radius = 0.10800
height = 0.03000
radial_segments = 14
rings = 1

[sub_resource type="CylinderMesh" id="Mesh_14"]
top_radius = 0.06600
bottom_radius = 0.06600
height = 0.01400
radial_segments = 14
rings = 1

[sub_resource type="StandardMaterial3D" id="Mat_15"]
albedo_color = Color(0.1647, 0.1412, 0.1255, 1)
cull_mode = 2
roughness = 1.000

[sub_resource type="BoxMesh" id="Mesh_16"]
size = Vector3(0.15000, 0.09000, 0.16500)

[sub_resource type="CylinderMesh" id="Mesh_17"]
top_radius = 0.07800
bottom_radius = 0.07800
height = 0.09000
radial_segments = 12
rings = 1

[sub_resource type="BoxMesh" id="Mesh_18"]
size = Vector3(0.04400, 0.06000, 0.15000)

[sub_resource type="StandardMaterial3D" id="Mat_19"]
albedo_color = Color(0.8471, 0.4157, 0.2196, 1)
cull_mode = 2
roughness = 0.850

[sub_resource type="BoxMesh" id="Mesh_20"]
size = Vector3(0.23600, 0.06000, 0.05000)

[sub_resource type="BoxMesh" id="Mesh_21"]
size = Vector3(0.11000, 0.03000, 0.06000)

[sub_resource type="StandardMaterial3D" id="Mat_22"]
albedo_color = Color(0.9490, 0.7608, 0.2000, 1)
cull_mode = 2
roughness = 0.820

[sub_resource type="BoxMesh" id="Mesh_23"]
size = Vector3(0.20000, 0.03400, 0.02200)

[sub_resource type="StandardMaterial3D" id="Mat_24"]
albedo_color = Color(0.8039, 0.6275, 0.3882, 1)
cull_mode = 2
roughness = 0.820

[sub_resource type="BoxMesh" id="Mesh_25"]
size = Vector3(0.06600, 0.16800, 0.01200)

[sub_resource type="BoxMesh" id="Mesh_26"]
size = Vector3(0.10000, 0.05000, 0.03600)

[sub_resource type="BoxMesh" id="Mesh_27"]
size = Vector3(0.15000, 0.03400, 0.02200)

[sub_resource type="BoxMesh" id="Mesh_28"]
size = Vector3(0.06600, 0.12600, 0.01200)

[sub_resource type="BoxMesh" id="Mesh_29"]
size = Vector3(0.02000, 0.02000, 0.14000)

[sub_resource type="StandardMaterial3D" id="Mat_30"]
albedo_color = Color(0.4588, 0.3098, 0.1804, 1)
cull_mode = 2
roughness = 0.820

[sub_resource type="BoxMesh" id="Mesh_31"]
size = Vector3(0.02000, 0.02000, 0.18200)

[sub_resource type="BoxMesh" id="Mesh_32"]
size = Vector3(0.22000, 0.12000, 0.01200)

[sub_resource type="BoxMesh" id="Mesh_33"]
size = Vector3(0.25000, 0.15000, 0.01300)

[sub_resource type="StandardMaterial3D" id="Mat_34"]
albedo_color = Color(0.6510, 0.4706, 0.2471, 1)
cull_mode = 2
roughness = 0.820

[sub_resource type="BoxMesh" id="Mesh_35"]
size = Vector3(0.10000, 0.03600, 0.05000)

[sub_resource type="SphereMesh" id="Mesh_36"]
radius = 0.12000
height = 0.24000
radial_segments = 16
rings = 8

[sub_resource type="StandardMaterial3D" id="Mat_37"]
albedo_color = Color(0.6392, 0.4745, 0.3255, 1)
cull_mode = 2
roughness = 0.950

[node name="Brick" type="Node3D"]

[node name="Pivot" type="Node3D" parent="."]
transform = Transform3D(0.86603, -0.5, 0, 0, 0, 1, -0.5, -0.86603, 0, 0, 0.1, 0)

[node name="base_earth" type="MeshInstance3D" parent="Pivot"]
transform = Transform3D(1.00000, 0.00000, 0.00000, 0.00000, 0.00000, -1.00000, 0.00000, 1.00000, 0.00000, 0.00000, 0.00000, -0.06000)
mesh = SubResource("Mesh_1")
surface_material_override/0 = SubResource("Mat_2")

[node name="base_top" type="MeshInstance3D" parent="Pivot"]
transform = Transform3D(1.00000, 0.00000, 0.00000, 0.00000, 0.00000, -1.00000, 0.00000, 1.00000, 0.00000, 0.00000, 0.00000, 0.00000)
mesh = SubResource("Mesh_3")
surface_material_override/0 = SubResource("Mat_4")

[node name="Kiln" type="Node3D" parent="Pivot"]
transform = Transform3D(1.00000, 0.00000, 0.00000, 0.00000, 1.00000, 0.00000, 0.00000, 0.00000, 1.00000, -0.10000, 0.30000, 0.00000)

[node name="base" type="MeshInstance3D" parent="Pivot/Kiln"]
transform = Transform3D(1.00000, 0.00000, 0.00000, 0.00000, 0.00000, -1.00000, 0.00000, 1.00000, 0.00000, 0.00000, 0.00000, 0.21500)
mesh = SubResource("Mesh_5")
surface_material_override/0 = SubResource("Mat_6")

[node name="band_1" type="MeshInstance3D" parent="Pivot/Kiln"]
transform = Transform3D(1.00000, 0.00000, 0.00000, 0.00000, 0.00000, -1.00000, 0.00000, 1.00000, 0.00000, 0.00000, 0.00000, 0.06300)
mesh = SubResource("Mesh_7")
surface_material_override/0 = SubResource("Mat_8")

[node name="band_2" type="MeshInstance3D" parent="Pivot/Kiln"]
transform = Transform3D(1.00000, 0.00000, 0.00000, 0.00000, 0.00000, -1.00000, 0.00000, 1.00000, 0.00000, 0.00000, 0.00000, 0.12900)
mesh = SubResource("Mesh_7")
surface_material_override/0 = SubResource("Mat_8")

[node name="band_3" type="MeshInstance3D" parent="Pivot/Kiln"]
transform = Transform3D(1.00000, 0.00000, 0.00000, 0.00000, 0.00000, -1.00000, 0.00000, 1.00000, 0.00000, 0.00000, 0.00000, 0.19500)
mesh = SubResource("Mesh_7")
surface_material_override/0 = SubResource("Mat_8")

[node name="shoulder" type="MeshInstance3D" parent="Pivot/Kiln"]
transform = Transform3D(1.00000, 0.00000, 0.00000, 0.00000, 1.00000, 0.00000, 0.00000, 0.00000, 0.78000, 0.00000, 0.00000, 0.21500)
mesh = SubResource("Mesh_9")
surface_material_override/0 = SubResource("Mat_10")

[node name="neck" type="MeshInstance3D" parent="Pivot/Kiln"]
transform = Transform3D(1.00000, 0.00000, 0.00000, 0.00000, 0.00000, -1.00000, 0.00000, 1.00000, 0.00000, 0.00000, 0.00000, 0.49250)
mesh = SubResource("Mesh_11")
surface_material_override/0 = SubResource("Mat_8")

[node name="chimney" type="MeshInstance3D" parent="Pivot/Kiln"]
transform = Transform3D(1.00000, 0.00000, 0.00000, 0.00000, 0.00000, -1.00000, 0.00000, 1.00000, 0.00000, 0.00000, 0.00000, 0.65250)
mesh = SubResource("Mesh_12")
surface_material_override/0 = SubResource("Mat_6")

[node name="chimney_rim" type="MeshInstance3D" parent="Pivot/Kiln"]
transform = Transform3D(1.00000, 0.00000, 0.00000, 0.00000, 0.00000, -1.00000, 0.00000, 1.00000, 0.00000, 0.00000, 0.00000, 0.77500)
mesh = SubResource("Mesh_13")
surface_material_override/0 = SubResource("Mat_8")

[node name="chimney_top" type="MeshInstance3D" parent="Pivot/Kiln"]
transform = Transform3D(1.00000, 0.00000, 0.00000, 0.00000, 0.00000, -1.00000, 0.00000, 1.00000, 0.00000, 0.00000, 0.00000, 0.79500)
mesh = SubResource("Mesh_14")
surface_material_override/0 = SubResource("Mat_15")

[node name="mouth" type="MeshInstance3D" parent="Pivot/Kiln"]
transform = Transform3D(1.00000, 0.00000, 0.00000, 0.00000, 1.00000, 0.00000, 0.00000, 0.00000, 1.00000, 0.00000, -0.25500, 0.08250)
mesh = SubResource("Mesh_16")
surface_material_override/0 = SubResource("Mat_15")

[node name="mouth_arch" type="MeshInstance3D" parent="Pivot/Kiln"]
transform = Transform3D(1.00000, 0.00000, 0.00000, 0.00000, -1.00000, -0.00000, 0.00000, 0.00000, -1.00000, 0.00000, -0.30000, 0.16500)
mesh = SubResource("Mesh_17")
surface_material_override/0 = SubResource("Mat_15")

[node name="frame_l" type="MeshInstance3D" parent="Pivot/Kiln"]
transform = Transform3D(1.00000, 0.00000, 0.00000, 0.00000, 1.00000, 0.00000, 0.00000, 0.00000, 1.00000, -0.09700, -0.27000, 0.07500)
mesh = SubResource("Mesh_18")
surface_material_override/0 = SubResource("Mat_19")

[node name="frame_r" type="MeshInstance3D" parent="Pivot/Kiln"]
transform = Transform3D(1.00000, 0.00000, 0.00000, 0.00000, 1.00000, 0.00000, 0.00000, 0.00000, 1.00000, 0.09700, -0.27000, 0.07500)
mesh = SubResource("Mesh_18")
surface_material_override/0 = SubResource("Mat_19")

[node name="frame_top" type="MeshInstance3D" parent="Pivot/Kiln"]
transform = Transform3D(1.00000, 0.00000, 0.00000, 0.00000, 1.00000, 0.00000, 0.00000, 0.00000, 1.00000, 0.00000, -0.27000, 0.18200)
mesh = SubResource("Mesh_20")
surface_material_override/0 = SubResource("Mat_8")

[node name="embers" type="MeshInstance3D" parent="Pivot/Kiln"]
transform = Transform3D(1.00000, 0.00000, 0.00000, 0.00000, 1.00000, 0.00000, 0.00000, 0.00000, 1.00000, 0.00000, -0.21500, 0.04000)
mesh = SubResource("Mesh_21")
surface_material_override/0 = SubResource("Mat_22")

[node name="Pile_A" type="Node3D" parent="Pivot"]
transform = Transform3D(0.97815, 0.20791, 0.00000, -0.20791, 0.97815, 0.00000, 0.00000, 0.00000, 1.00000, 0.44000, -0.10000, 0.00000)

[node name="pallet_bearer_1" type="MeshInstance3D" parent="Pivot/Pile_A"]
transform = Transform3D(1.00000, 0.00000, 0.00000, 0.00000, 1.00000, 0.00000, 0.00000, 0.00000, 1.00000, 0.00000, -0.06000, 0.01100)
mesh = SubResource("Mesh_23")
surface_material_override/0 = SubResource("Mat_24")

[node name="pallet_bearer_2" type="MeshInstance3D" parent="Pivot/Pile_A"]
transform = Transform3D(1.00000, 0.00000, 0.00000, 0.00000, 1.00000, 0.00000, 0.00000, 0.00000, 1.00000, 0.00000, 0.06000, 0.01100)
mesh = SubResource("Mesh_23")
surface_material_override/0 = SubResource("Mat_24")

[node name="pallet_deck_1" type="MeshInstance3D" parent="Pivot/Pile_A"]
transform = Transform3D(1.00000, 0.00000, 0.00000, 0.00000, 1.00000, 0.00000, 0.00000, 0.00000, 1.00000, -0.07200, 0.00000, 0.02800)
mesh = SubResource("Mesh_25")
surface_material_override/0 = SubResource("Mat_24")

[node name="pallet_deck_2" type="MeshInstance3D" parent="Pivot/Pile_A"]
transform = Transform3D(1.00000, 0.00000, 0.00000, 0.00000, 1.00000, 0.00000, 0.00000, 0.00000, 1.00000, 0.00000, 0.00000, 0.02800)
mesh = SubResource("Mesh_25")
surface_material_override/0 = SubResource("Mat_24")

[node name="pallet_deck_3" type="MeshInstance3D" parent="Pivot/Pile_A"]
transform = Transform3D(1.00000, 0.00000, 0.00000, 0.00000, 1.00000, 0.00000, 0.00000, 0.00000, 1.00000, 0.07200, 0.00000, 0.02800)
mesh = SubResource("Mesh_25")
surface_material_override/0 = SubResource("Mat_24")

[node name="brick_1" type="MeshInstance3D" parent="Pivot/Pile_A"]
transform = Transform3D(0.99984, 0.01799, 0.00000, -0.01799, 0.99984, 0.00000, 0.00000, 0.00000, 1.00000, -0.00143, -0.05366, 0.05200)
mesh = SubResource("Mesh_26")
surface_material_override/0 = SubResource("Mat_19")

[node name="brick_2" type="MeshInstance3D" parent="Pivot/Pile_A"]
transform = Transform3D(0.99913, 0.04160, 0.00000, -0.04160, 0.99913, 0.00000, 0.00000, 0.00000, 1.00000, -0.00249, -0.00176, 0.05200)
mesh = SubResource("Mesh_26")
surface_material_override/0 = SubResource("Mat_6")

[node name="brick_3" type="MeshInstance3D" parent="Pivot/Pile_A"]
transform = Transform3D(0.99923, -0.03935, 0.00000, 0.03935, 0.99923, 0.00000, 0.00000, 0.00000, 1.00000, -0.00124, 0.05640, 0.05200)
mesh = SubResource("Mesh_26")
surface_material_override/0 = SubResource("Mat_19")

[node name="brick_4" type="MeshInstance3D" parent="Pivot/Pile_A"]
transform = Transform3D(0.01124, -0.99994, 0.00000, 0.99994, 0.01124, 0.00000, 0.00000, 0.00000, 1.00000, -0.05546, -0.00300, 0.08800)
mesh = SubResource("Mesh_26")
surface_material_override/0 = SubResource("Mat_19")

[node name="brick_5" type="MeshInstance3D" parent="Pivot/Pile_A"]
transform = Transform3D(-0.02026, -0.99979, 0.00000, 0.99979, -0.02026, 0.00000, 0.00000, 0.00000, 1.00000, 0.00158, -0.00264, 0.08800)
mesh = SubResource("Mesh_26")
surface_material_override/0 = SubResource("Mat_19")

[node name="brick_6" type="MeshInstance3D" parent="Pivot/Pile_A"]
transform = Transform3D(-0.03629, -0.99934, 0.00000, 0.99934, -0.03629, 0.00000, 0.00000, 0.00000, 1.00000, 0.05681, 0.00130, 0.08800)
mesh = SubResource("Mesh_26")
surface_material_override/0 = SubResource("Mat_19")

[node name="brick_7" type="MeshInstance3D" parent="Pivot/Pile_A"]
transform = Transform3D(0.99974, -0.02274, 0.00000, 0.02274, 0.99974, 0.00000, 0.00000, 0.00000, 1.00000, -0.00085, -0.05641, 0.12400)
mesh = SubResource("Mesh_26")
surface_material_override/0 = SubResource("Mat_8")

[node name="brick_8" type="MeshInstance3D" parent="Pivot/Pile_A"]
transform = Transform3D(0.99998, -0.00598, 0.00000, 0.00598, 0.99998, 0.00000, 0.00000, 0.00000, 1.00000, -0.00069, 0.00297, 0.12400)
mesh = SubResource("Mesh_26")
surface_material_override/0 = SubResource("Mat_6")

[node name="brick_9" type="MeshInstance3D" parent="Pivot/Pile_A"]
transform = Transform3D(0.99875, -0.04992, 0.00000, 0.04992, 0.99875, 0.00000, 0.00000, 0.00000, 1.00000, 0.00269, 0.05270, 0.12400)
mesh = SubResource("Mesh_26")
surface_material_override/0 = SubResource("Mat_19")

[node name="brick_10" type="MeshInstance3D" parent="Pivot/Pile_A"]
transform = Transform3D(0.03733, -0.99930, 0.00000, 0.99930, 0.03733, 0.00000, 0.00000, 0.00000, 1.00000, -0.05482, -0.00104, 0.16000)
mesh = SubResource("Mesh_26")
surface_material_override/0 = SubResource("Mat_19")

[node name="brick_11" type="MeshInstance3D" parent="Pivot/Pile_A"]
transform = Transform3D(-0.03900, -0.99924, 0.00000, 0.99924, -0.03900, 0.00000, 0.00000, 0.00000, 1.00000, -0.00189, -0.00295, 0.16000)
mesh = SubResource("Mesh_26")
surface_material_override/0 = SubResource("Mat_6")

[node name="brick_12" type="MeshInstance3D" parent="Pivot/Pile_A"]
transform = Transform3D(0.04572, -0.99895, 0.00000, 0.99895, 0.04572, 0.00000, 0.00000, 0.00000, 1.00000, 0.05503, 0.00140, 0.16000)
mesh = SubResource("Mesh_26")
surface_material_override/0 = SubResource("Mat_8")

[node name="brick_13" type="MeshInstance3D" parent="Pivot/Pile_A"]
transform = Transform3D(1.00000, -0.00043, 0.00000, 0.00043, 1.00000, 0.00000, 0.00000, 0.00000, 1.00000, -0.00000, -0.05670, 0.19600)
mesh = SubResource("Mesh_26")
surface_material_override/0 = SubResource("Mat_6")

[node name="brick_14" type="MeshInstance3D" parent="Pivot/Pile_A"]
transform = Transform3D(0.99897, 0.04534, 0.00000, -0.04534, 0.99897, 0.00000, 0.00000, 0.00000, 1.00000, 0.00094, 0.00070, 0.19600)
mesh = SubResource("Mesh_26")
surface_material_override/0 = SubResource("Mat_8")

[node name="brick_15" type="MeshInstance3D" parent="Pivot/Pile_A"]
transform = Transform3D(0.99999, -0.00332, 0.00000, 0.00332, 0.99999, 0.00000, 0.00000, 0.00000, 1.00000, 0.00238, 0.05174, 0.19600)
mesh = SubResource("Mesh_26")
surface_material_override/0 = SubResource("Mat_8")

[node name="brick_16" type="MeshInstance3D" parent="Pivot/Pile_A"]
transform = Transform3D(0.00900, -0.99996, 0.00000, 0.99996, 0.00900, 0.00000, 0.00000, 0.00000, 1.00000, -0.05136, -0.00197, 0.23200)
mesh = SubResource("Mesh_26")
surface_material_override/0 = SubResource("Mat_6")

[node name="brick_17" type="MeshInstance3D" parent="Pivot/Pile_A"]
transform = Transform3D(-0.02363, -0.99972, 0.00000, 0.99972, -0.02363, 0.00000, 0.00000, 0.00000, 1.00000, 0.00131, 0.00262, 0.23200)
mesh = SubResource("Mesh_26")
surface_material_override/0 = SubResource("Mat_8")

[node name="brick_18" type="MeshInstance3D" parent="Pivot/Pile_A"]
transform = Transform3D(-0.04723, -0.99888, 0.00000, 0.99888, -0.04723, 0.00000, 0.00000, 0.00000, 1.00000, 0.05145, 0.00124, 0.23200)
mesh = SubResource("Mesh_26")
surface_material_override/0 = SubResource("Mat_8")

[node name="Pile_B" type="Node3D" parent="Pivot"]
transform = Transform3D(0.88295, -0.46947, 0.00000, 0.46947, 0.88295, 0.00000, 0.00000, 0.00000, 1.00000, 0.08000, -0.48000, 0.00000)

[node name="brick_1" type="MeshInstance3D" parent="Pivot/Pile_B"]
transform = Transform3D(0.99999, 0.00400, 0.00000, -0.00400, 0.99999, 0.00000, 0.00000, 0.00000, 1.00000, 0.00165, -0.05594, 0.01800)
mesh = SubResource("Mesh_26")
surface_material_override/0 = SubResource("Mat_6")

[node name="brick_2" type="MeshInstance3D" parent="Pivot/Pile_B"]
transform = Transform3D(0.99982, -0.01874, 0.00000, 0.01874, 0.99982, 0.00000, 0.00000, 0.00000, 1.00000, 0.00069, 0.00294, 0.01800)
mesh = SubResource("Mesh_26")
surface_material_override/0 = SubResource("Mat_8")

[node name="brick_3" type="MeshInstance3D" parent="Pivot/Pile_B"]
transform = Transform3D(0.99996, 0.00869, 0.00000, -0.00869, 0.99996, 0.00000, 0.00000, 0.00000, 1.00000, 0.00129, 0.05380, 0.01800)
mesh = SubResource("Mesh_26")
surface_material_override/0 = SubResource("Mat_8")

[node name="brick_4" type="MeshInstance3D" parent="Pivot/Pile_B"]
transform = Transform3D(0.02579, -0.99967, 0.00000, 0.99967, 0.02579, 0.00000, 0.00000, 0.00000, 1.00000, -0.05404, -0.00131, 0.05400)
mesh = SubResource("Mesh_26")
surface_material_override/0 = SubResource("Mat_8")

[node name="brick_5" type="MeshInstance3D" parent="Pivot/Pile_B"]
transform = Transform3D(-0.03369, -0.99943, 0.00000, 0.99943, -0.03369, 0.00000, 0.00000, 0.00000, 1.00000, -0.00036, -0.00124, 0.05400)
mesh = SubResource("Mesh_26")
surface_material_override/0 = SubResource("Mat_19")

[node name="brick_6" type="MeshInstance3D" parent="Pivot/Pile_B"]
transform = Transform3D(-0.04022, -0.99919, 0.00000, 0.99919, -0.04022, 0.00000, 0.00000, 0.00000, 1.00000, 0.05306, 0.00071, 0.05400)
mesh = SubResource("Mesh_26")
surface_material_override/0 = SubResource("Mat_8")

[node name="brick_7" type="MeshInstance3D" parent="Pivot/Pile_B"]
transform = Transform3D(0.99989, -0.01503, 0.00000, 0.01503, 0.99989, 0.00000, 0.00000, 0.00000, 1.00000, 0.00033, -0.05434, 0.09000)
mesh = SubResource("Mesh_26")
surface_material_override/0 = SubResource("Mat_19")

[node name="brick_8" type="MeshInstance3D" parent="Pivot/Pile_B"]
transform = Transform3D(0.99986, -0.01657, 0.00000, 0.01657, 0.99986, 0.00000, 0.00000, 0.00000, 1.00000, -0.00217, 0.00279, 0.09000)
mesh = SubResource("Mesh_26")
surface_material_override/0 = SubResource("Mat_19")

[node name="brick_9" type="MeshInstance3D" parent="Pivot/Pile_B"]
transform = Transform3D(0.99985, 0.01738, 0.00000, -0.01738, 0.99985, 0.00000, 0.00000, 0.00000, 1.00000, 0.00081, 0.05622, 0.09000)
mesh = SubResource("Mesh_26")
surface_material_override/0 = SubResource("Mat_6")

[node name="brick_10" type="MeshInstance3D" parent="Pivot/Pile_B"]
transform = Transform3D(-0.01815, -0.99984, 0.00000, 0.99984, -0.01815, 0.00000, 0.00000, 0.00000, 1.00000, -0.05542, 0.00005, 0.12600)
mesh = SubResource("Mesh_26")
surface_material_override/0 = SubResource("Mat_8")

[node name="brick_11" type="MeshInstance3D" parent="Pivot/Pile_B"]
transform = Transform3D(-0.03089, -0.99952, 0.00000, 0.99952, -0.03089, 0.00000, 0.00000, 0.00000, 1.00000, -0.00263, 0.00175, 0.12600)
mesh = SubResource("Mesh_26")
surface_material_override/0 = SubResource("Mat_6")

[node name="brick_12" type="MeshInstance3D" parent="Pivot/Pile_B"]
transform = Transform3D(0.04160, -0.99913, 0.00000, 0.99913, 0.04160, 0.00000, 0.00000, 0.00000, 1.00000, 0.05293, 0.00095, 0.12600)
mesh = SubResource("Mesh_26")
surface_material_override/0 = SubResource("Mat_6")

[node name="Pile_C" type="Node3D" parent="Pivot"]
transform = Transform3D(0.43837, -0.89879, 0.00000, 0.89879, 0.43837, 0.00000, 0.00000, 0.00000, 1.00000, 0.62000, 0.28000, 0.00000)

[node name="brick_1" type="MeshInstance3D" parent="Pivot/Pile_C"]
transform = Transform3D(0.99999, 0.00530, 0.00000, -0.00530, 0.99999, 0.00000, 0.00000, 0.00000, 1.00000, 0.00046, -0.02630, 0.01800)
mesh = SubResource("Mesh_26")
surface_material_override/0 = SubResource("Mat_8")

[node name="brick_2" type="MeshInstance3D" parent="Pivot/Pile_C"]
transform = Transform3D(0.99970, -0.02454, 0.00000, 0.02454, 0.99970, 0.00000, 0.00000, 0.00000, 1.00000, 0.00136, 0.02678, 0.01800)
mesh = SubResource("Mesh_26")
surface_material_override/0 = SubResource("Mat_8")

[node name="brick_3" type="MeshInstance3D" parent="Pivot/Pile_C"]
transform = Transform3D(-0.01228, -0.99992, 0.00000, 0.99992, -0.01228, 0.00000, 0.00000, 0.00000, 1.00000, -0.02947, 0.00025, 0.05400)
mesh = SubResource("Mesh_26")
surface_material_override/0 = SubResource("Mat_19")

[node name="brick_4" type="MeshInstance3D" parent="Pivot/Pile_C"]
transform = Transform3D(-0.02718, -0.99963, 0.00000, 0.99963, -0.02718, 0.00000, 0.00000, 0.00000, 1.00000, 0.02933, -0.00266, 0.05400)
mesh = SubResource("Mesh_26")
surface_material_override/0 = SubResource("Mat_8")

[node name="brick_5" type="MeshInstance3D" parent="Pivot/Pile_C"]
transform = Transform3D(0.99984, 0.01779, 0.00000, -0.01779, 0.99984, 0.00000, 0.00000, 0.00000, 1.00000, 0.00118, -0.02772, 0.09000)
mesh = SubResource("Mesh_26")
surface_material_override/0 = SubResource("Mat_6")

[node name="brick_6" type="MeshInstance3D" parent="Pivot/Pile_C"]
transform = Transform3D(0.99990, -0.01379, 0.00000, 0.01379, 0.99990, 0.00000, 0.00000, 0.00000, 1.00000, 0.00018, 0.02817, 0.09000)
mesh = SubResource("Mesh_26")
surface_material_override/0 = SubResource("Mat_6")

[node name="brick_7" type="MeshInstance3D" parent="Pivot/Pile_C"]
transform = Transform3D(0.01546, -0.99988, 0.00000, 0.99988, 0.01546, 0.00000, 0.00000, 0.00000, 1.00000, -0.02770, 0.00106, 0.12600)
mesh = SubResource("Mesh_26")
surface_material_override/0 = SubResource("Mat_6")

[node name="brick_8" type="MeshInstance3D" parent="Pivot/Pile_C"]
transform = Transform3D(0.04823, -0.99884, 0.00000, 0.99884, 0.04823, 0.00000, 0.00000, 0.00000, 1.00000, 0.02676, 0.00038, 0.12600)
mesh = SubResource("Mesh_26")
surface_material_override/0 = SubResource("Mat_6")

[node name="brick_9" type="MeshInstance3D" parent="Pivot/Pile_C"]
transform = Transform3D(0.99909, 0.04261, 0.00000, -0.04261, 0.99909, 0.00000, 0.00000, 0.00000, 1.00000, -0.00168, -0.02769, 0.16200)
mesh = SubResource("Mesh_26")
surface_material_override/0 = SubResource("Mat_6")

[node name="brick_10" type="MeshInstance3D" parent="Pivot/Pile_C"]
transform = Transform3D(0.99922, 0.03948, 0.00000, -0.03948, 0.99922, 0.00000, 0.00000, 0.00000, 1.00000, 0.00236, 0.02613, 0.16200)
mesh = SubResource("Mesh_26")
surface_material_override/0 = SubResource("Mat_6")

[node name="Pile_D" type="Node3D" parent="Pivot"]
transform = Transform3D(0.76604, 0.64279, 0.00000, -0.64279, 0.76604, 0.00000, 0.00000, 0.00000, 1.00000, -0.52000, -0.34000, 0.00000)

[node name="pallet_bearer_1" type="MeshInstance3D" parent="Pivot/Pile_D"]
transform = Transform3D(1.00000, 0.00000, 0.00000, 0.00000, 1.00000, 0.00000, 0.00000, 0.00000, 1.00000, 0.00000, -0.04500, 0.01100)
mesh = SubResource("Mesh_27")
surface_material_override/0 = SubResource("Mat_24")

[node name="pallet_bearer_2" type="MeshInstance3D" parent="Pivot/Pile_D"]
transform = Transform3D(1.00000, 0.00000, 0.00000, 0.00000, 1.00000, 0.00000, 0.00000, 0.00000, 1.00000, 0.00000, 0.04500, 0.01100)
mesh = SubResource("Mesh_27")
surface_material_override/0 = SubResource("Mat_24")

[node name="pallet_deck_1" type="MeshInstance3D" parent="Pivot/Pile_D"]
transform = Transform3D(1.00000, 0.00000, 0.00000, 0.00000, 1.00000, 0.00000, 0.00000, 0.00000, 1.00000, -0.05400, 0.00000, 0.02800)
mesh = SubResource("Mesh_28")
surface_material_override/0 = SubResource("Mat_24")

[node name="pallet_deck_2" type="MeshInstance3D" parent="Pivot/Pile_D"]
transform = Transform3D(1.00000, 0.00000, 0.00000, 0.00000, 1.00000, 0.00000, 0.00000, 0.00000, 1.00000, 0.00000, 0.00000, 0.02800)
mesh = SubResource("Mesh_28")
surface_material_override/0 = SubResource("Mat_24")

[node name="pallet_deck_3" type="MeshInstance3D" parent="Pivot/Pile_D"]
transform = Transform3D(1.00000, 0.00000, 0.00000, 0.00000, 1.00000, 0.00000, 0.00000, 0.00000, 1.00000, 0.05400, 0.00000, 0.02800)
mesh = SubResource("Mesh_28")
surface_material_override/0 = SubResource("Mat_24")

[node name="brick_1" type="MeshInstance3D" parent="Pivot/Pile_D"]
transform = Transform3D(0.99929, 0.03775, 0.00000, -0.03775, 0.99929, 0.00000, 0.00000, 0.00000, 1.00000, -0.00224, -0.02465, 0.05200)
mesh = SubResource("Mesh_26")
surface_material_override/0 = SubResource("Mat_8")

[node name="brick_2" type="MeshInstance3D" parent="Pivot/Pile_D"]
transform = Transform3D(0.99984, 0.01812, 0.00000, -0.01812, 0.99984, 0.00000, 0.00000, 0.00000, 1.00000, -0.00003, 0.02471, 0.05200)
mesh = SubResource("Mesh_26")
surface_material_override/0 = SubResource("Mat_8")

[node name="brick_3" type="MeshInstance3D" parent="Pivot/Pile_D"]
transform = Transform3D(0.01372, -0.99991, 0.00000, 0.99991, 0.01372, 0.00000, 0.00000, 0.00000, 1.00000, -0.02572, 0.00292, 0.08800)
mesh = SubResource("Mesh_26")
surface_material_override/0 = SubResource("Mat_19")

[node name="brick_4" type="MeshInstance3D" parent="Pivot/Pile_D"]
transform = Transform3D(0.00673, -0.99998, 0.00000, 0.99998, 0.00673, 0.00000, 0.00000, 0.00000, 1.00000, 0.02484, 0.00048, 0.08800)
mesh = SubResource("Mesh_26")
surface_material_override/0 = SubResource("Mat_8")

[node name="brick_5" type="MeshInstance3D" parent="Pivot/Pile_D"]
transform = Transform3D(0.99933, 0.03659, 0.00000, -0.03659, 0.99933, 0.00000, 0.00000, 0.00000, 1.00000, 0.00193, -0.02552, 0.12400)
mesh = SubResource("Mesh_26")
surface_material_override/0 = SubResource("Mat_8")

[node name="brick_6" type="MeshInstance3D" parent="Pivot/Pile_D"]
transform = Transform3D(0.99994, -0.01116, 0.00000, 0.01116, 0.99994, 0.00000, 0.00000, 0.00000, 1.00000, 0.00192, 0.02995, 0.12400)
mesh = SubResource("Mesh_26")
surface_material_override/0 = SubResource("Mat_19")

[node name="brick_7" type="MeshInstance3D" parent="Pivot/Pile_D"]
transform = Transform3D(-0.01447, -0.99990, 0.00000, 0.99990, -0.01447, 0.00000, 0.00000, 0.00000, 1.00000, -0.02409, 0.00144, 0.16000)
mesh = SubResource("Mesh_26")
surface_material_override/0 = SubResource("Mat_8")

[node name="brick_8" type="MeshInstance3D" parent="Pivot/Pile_D"]
transform = Transform3D(-0.04263, -0.99909, 0.00000, 0.99909, -0.04263, 0.00000, 0.00000, 0.00000, 1.00000, 0.02622, 0.00074, 0.16000)
mesh = SubResource("Mesh_26")
surface_material_override/0 = SubResource("Mat_8")

[node name="DryingRack" type="Node3D" parent="Pivot"]
transform = Transform3D(0.20791, -0.97815, 0.00000, 0.97815, 0.20791, 0.00000, 0.00000, 0.00000, 1.00000, -0.60000, 0.10000, 0.00000)

[node name="post_1_1" type="MeshInstance3D" parent="Pivot/DryingRack"]
transform = Transform3D(1.00000, 0.00000, 0.00000, 0.00000, 1.00000, 0.00000, 0.00000, 0.00000, 1.00000, -0.09200, -0.05600, 0.07000)
mesh = SubResource("Mesh_29")
surface_material_override/0 = SubResource("Mat_30")

[node name="post_1_2" type="MeshInstance3D" parent="Pivot/DryingRack"]
transform = Transform3D(1.00000, 0.00000, 0.00000, 0.00000, 1.00000, 0.00000, 0.00000, 0.00000, 1.00000, -0.09200, 0.05600, 0.09100)
mesh = SubResource("Mesh_31")
surface_material_override/0 = SubResource("Mat_30")

[node name="post_2_1" type="MeshInstance3D" parent="Pivot/DryingRack"]
transform = Transform3D(1.00000, 0.00000, 0.00000, 0.00000, 1.00000, 0.00000, 0.00000, 0.00000, 1.00000, 0.09200, -0.05600, 0.07000)
mesh = SubResource("Mesh_29")
surface_material_override/0 = SubResource("Mat_30")

[node name="post_2_2" type="MeshInstance3D" parent="Pivot/DryingRack"]
transform = Transform3D(1.00000, 0.00000, 0.00000, 0.00000, 1.00000, 0.00000, 0.00000, 0.00000, 1.00000, 0.09200, 0.05600, 0.09100)
mesh = SubResource("Mesh_31")
surface_material_override/0 = SubResource("Mat_30")

[node name="shelf" type="MeshInstance3D" parent="Pivot/DryingRack"]
transform = Transform3D(1.00000, 0.00000, 0.00000, 0.00000, 1.00000, 0.00000, 0.00000, 0.00000, 1.00000, 0.00000, 0.00000, 0.07200)
mesh = SubResource("Mesh_32")
surface_material_override/0 = SubResource("Mat_24")

[node name="roof" type="MeshInstance3D" parent="Pivot/DryingRack"]
transform = Transform3D(1.00000, 0.00000, 0.00000, 0.00000, 0.94552, 0.32557, 0.00000, -0.32557, 0.94552, 0.00000, 0.00200, 0.17200)
mesh = SubResource("Mesh_33")
surface_material_override/0 = SubResource("Mat_34")

[node name="brick_1" type="MeshInstance3D" parent="Pivot/DryingRack"]
transform = Transform3D(0.01463, -0.99989, 0.00000, 0.99989, 0.01463, 0.00000, 0.00000, 0.00000, 1.00000, -0.06800, 0.00000, 0.09950)
mesh = SubResource("Mesh_35")
surface_material_override/0 = SubResource("Mat_19")

[node name="brick_2" type="MeshInstance3D" parent="Pivot/DryingRack"]
transform = Transform3D(0.06666, -0.99778, 0.00000, 0.99778, 0.06666, 0.00000, 0.00000, 0.00000, 1.00000, -0.02300, 0.00000, 0.09950)
mesh = SubResource("Mesh_35")
surface_material_override/0 = SubResource("Mat_19")

[node name="brick_3" type="MeshInstance3D" parent="Pivot/DryingRack"]
transform = Transform3D(-0.02746, -0.99962, 0.00000, 0.99962, -0.02746, 0.00000, 0.00000, 0.00000, 1.00000, 0.02300, 0.00000, 0.09950)
mesh = SubResource("Mesh_35")
surface_material_override/0 = SubResource("Mat_19")

[node name="brick_4" type="MeshInstance3D" parent="Pivot/DryingRack"]
transform = Transform3D(0.00788, -0.99997, 0.00000, 0.99997, 0.00788, 0.00000, 0.00000, 0.00000, 1.00000, 0.06800, 0.00000, 0.09950)
mesh = SubResource("Mesh_35")
surface_material_override/0 = SubResource("Mat_19")

[node name="ScatterBricks" type="Node3D" parent="Pivot"]
transform = Transform3D(1.00000, 0.00000, 0.00000, 0.00000, 1.00000, 0.00000, 0.00000, 0.00000, 1.00000, 0.00000, 0.00000, 0.00000)

[node name="brick_1" type="MeshInstance3D" parent="Pivot/ScatterBricks"]
transform = Transform3D(0.76604, -0.64279, 0.00000, 0.64279, 0.76604, 0.00000, 0.00000, 0.00000, 1.00000, 0.30000, -0.28000, 0.01800)
mesh = SubResource("Mesh_26")
surface_material_override/0 = SubResource("Mat_8")

[node name="brick_2" type="MeshInstance3D" parent="Pivot/ScatterBricks"]
transform = Transform3D(0.90631, 0.42262, 0.00000, -0.42262, 0.90631, 0.00000, 0.00000, 0.00000, 1.00000, 0.22000, -0.12000, 0.01800)
mesh = SubResource("Mesh_26")
surface_material_override/0 = SubResource("Mat_8")

[node name="brick_3" type="MeshInstance3D" parent="Pivot/ScatterBricks"]
transform = Transform3D(0.25882, -0.96593, 0.00000, 0.96593, 0.25882, 0.00000, 0.00000, 0.00000, 1.00000, -0.16000, -0.56000, 0.01800)
mesh = SubResource("Mesh_26")
surface_material_override/0 = SubResource("Mat_8")

[node name="brick_4" type="MeshInstance3D" parent="Pivot/ScatterBricks"]
transform = Transform3D(0.98481, -0.17365, 0.00000, 0.17365, 0.98481, 0.00000, 0.00000, 0.00000, 1.00000, 0.68000, 0.00000, 0.01800)
mesh = SubResource("Mesh_26")
surface_material_override/0 = SubResource("Mat_8")

[node name="brick_5" type="MeshInstance3D" parent="Pivot/ScatterBricks"]
transform = Transform3D(0.57358, -0.81915, 0.00000, 0.81915, 0.57358, 0.00000, 0.00000, 0.00000, 1.00000, -0.26000, 0.04000, 0.01800)
mesh = SubResource("Mesh_26")
surface_material_override/0 = SubResource("Mat_8")

[node name="brick_6" type="MeshInstance3D" parent="Pivot/ScatterBricks"]
transform = Transform3D(0.86603, 0.50000, 0.00000, -0.50000, 0.86603, 0.00000, 0.00000, 0.00000, 1.00000, 0.46000, 0.46000, 0.01800)
mesh = SubResource("Mesh_26")
surface_material_override/0 = SubResource("Mat_8")

[node name="clay_mound" type="MeshInstance3D" parent="Pivot"]
transform = Transform3D(1.30000, 0.00000, 0.00000, 0.00000, 1.00000, 0.00000, 0.00000, 0.00000, 0.55000, 0.20000, 0.52000, 0.03000)
mesh = SubResource("Mesh_36")
surface_material_override/0 = SubResource("Mat_37")
