[gd_scene load_steps=57 format=3]

[sub_resource type="CylinderMesh" id="Mesh_1"]
top_radius = 1.00000
bottom_radius = 1.00000
height = 0.13500
radial_segments = 6
rings = 1

[sub_resource type="StandardMaterial3D" id="Mat_2"]
albedo_color = Color(0.2471, 0.3529, 0.1412, 1)
cull_mode = 2
roughness = 0.950

[sub_resource type="CylinderMesh" id="Mesh_3"]
top_radius = 1.00000
bottom_radius = 1.00000
height = 0.06200
radial_segments = 6
rings = 1

[sub_resource type="StandardMaterial3D" id="Mat_4"]
albedo_color = Color(0.4353, 0.6980, 0.2353, 1)
cull_mode = 2
roughness = 0.920

[sub_resource type="CylinderMesh" id="Mesh_5"]
top_radius = 0.30000
bottom_radius = 0.30000
height = 0.01000
radial_segments = 18
rings = 1

[sub_resource type="StandardMaterial3D" id="Mat_6"]
albedo_color = Color(0.6392, 0.4745, 0.3255, 1)
cull_mode = 2
roughness = 0.950

[sub_resource type="BoxMesh" id="Mesh_7"]
size = Vector3(0.42000, 0.36000, 0.20000)

[sub_resource type="StandardMaterial3D" id="Mat_8"]
albedo_color = Color(0.6510, 0.4706, 0.2471, 1)
cull_mode = 2
roughness = 0.820

[sub_resource type="BoxMesh" id="Mesh_9"]
size = Vector3(0.29965, 0.43000, 0.02600)

[sub_resource type="StandardMaterial3D" id="Mat_10"]
albedo_color = Color(0.7608, 0.2902, 0.1725, 1)
cull_mode = 2
roughness = 0.780

[sub_resource type="BoxMesh" id="Mesh_11"]
size = Vector3(0.06000, 0.43500, 0.03000)

[sub_resource type="StandardMaterial3D" id="Mat_12"]
albedo_color = Color(0.4588, 0.3098, 0.1804, 1)
cull_mode = 2
roughness = 0.820

[sub_resource type="BoxMesh" id="Mesh_13"]
size = Vector3(0.10500, 0.01400, 0.15500)

[sub_resource type="BoxMesh" id="Mesh_14"]
size = Vector3(0.02000, 0.01800, 0.17200)

[sub_resource type="StandardMaterial3D" id="Mat_15"]
albedo_color = Color(0.8039, 0.6275, 0.3882, 1)
cull_mode = 2
roughness = 0.820

[sub_resource type="BoxMesh" id="Mesh_16"]
size = Vector3(0.14800, 0.01800, 0.02200)

[sub_resource type="BoxMesh" id="Mesh_17"]
size = Vector3(0.01200, 0.09400, 0.09400)

[sub_resource type="BoxMesh" id="Mesh_18"]
size = Vector3(0.01200, 0.06800, 0.06800)

[sub_resource type="StandardMaterial3D" id="Mat_19"]
albedo_color = Color(0.1647, 0.1412, 0.1255, 1)
cull_mode = 2
roughness = 1.000

[sub_resource type="BoxMesh" id="Mesh_20"]
size = Vector3(0.02500, 0.02500, 0.11500)

[sub_resource type="BoxMesh" id="Mesh_21"]
size = Vector3(0.29770, 0.01300, 0.01800)

[sub_resource type="SphereMesh" id="Mesh_22"]
radius = 0.08500
height = 0.17000
radial_segments = 16
rings = 8

[sub_resource type="StandardMaterial3D" id="Mat_23"]
albedo_color = Color(0.9647, 0.9373, 0.8667, 1)
cull_mode = 2
roughness = 1.000

[sub_resource type="SphereMesh" id="Mesh_24"]
radius = 0.03000
height = 0.06000
radial_segments = 16
rings = 8

[sub_resource type="SphereMesh" id="Mesh_25"]
radius = 0.02000
height = 0.04000
radial_segments = 16
rings = 8

[sub_resource type="SphereMesh" id="Mesh_26"]
radius = 0.04000
height = 0.08000
radial_segments = 16
rings = 8

[sub_resource type="StandardMaterial3D" id="Mat_27"]
albedo_color = Color(0.2627, 0.2039, 0.1569, 1)
cull_mode = 2
roughness = 0.900

[sub_resource type="SphereMesh" id="Mesh_28"]
radius = 0.01400
height = 0.02800
radial_segments = 6
rings = 4

[sub_resource type="CylinderMesh" id="Mesh_29"]
top_radius = 0.01200
bottom_radius = 0.01200
height = 0.06200
radial_segments = 6
rings = 1

[sub_resource type="BoxMesh" id="Mesh_30"]
size = Vector3(0.17500, 0.07800, 0.05400)

[sub_resource type="BoxMesh" id="Mesh_31"]
size = Vector3(0.15000, 0.06000, 0.03400)

[sub_resource type="StandardMaterial3D" id="Mat_32"]
albedo_color = Color(0.9490, 0.7608, 0.2000, 1)
cull_mode = 2
roughness = 0.820

[sub_resource type="CylinderMesh" id="Mesh_33"]
top_radius = 0.0
bottom_radius = 0.01400
height = 0.05176
radial_segments = 5
rings = 1

[sub_resource type="StandardMaterial3D" id="Mat_34"]
albedo_color = Color(0.6196, 0.8314, 0.3059, 1)
cull_mode = 2
roughness = 0.850

[sub_resource type="CylinderMesh" id="Mesh_35"]
top_radius = 0.0
bottom_radius = 0.01400
height = 0.06891
radial_segments = 5
rings = 1

[sub_resource type="CylinderMesh" id="Mesh_36"]
top_radius = 0.0
bottom_radius = 0.01400
height = 0.05835
radial_segments = 5
rings = 1

[sub_resource type="CylinderMesh" id="Mesh_37"]
top_radius = 0.0
bottom_radius = 0.01400
height = 0.06367
radial_segments = 5
rings = 1

[sub_resource type="CylinderMesh" id="Mesh_38"]
top_radius = 0.0
bottom_radius = 0.01400
height = 0.04632
radial_segments = 5
rings = 1

[sub_resource type="CylinderMesh" id="Mesh_39"]
top_radius = 0.0
bottom_radius = 0.01260
height = 0.05749
radial_segments = 5
rings = 1

[sub_resource type="CylinderMesh" id="Mesh_40"]
top_radius = 0.0
bottom_radius = 0.01260
height = 0.04569
radial_segments = 5
rings = 1

[sub_resource type="CylinderMesh" id="Mesh_41"]
top_radius = 0.0
bottom_radius = 0.01260
height = 0.06291
radial_segments = 5
rings = 1

[sub_resource type="CylinderMesh" id="Mesh_42"]
top_radius = 0.0
bottom_radius = 0.01260
height = 0.06337
radial_segments = 5
rings = 1

[sub_resource type="CylinderMesh" id="Mesh_43"]
top_radius = 0.0
bottom_radius = 0.01190
height = 0.06047
radial_segments = 5
rings = 1

[sub_resource type="CylinderMesh" id="Mesh_44"]
top_radius = 0.0
bottom_radius = 0.01190
height = 0.04649
radial_segments = 5
rings = 1

[sub_resource type="CylinderMesh" id="Mesh_45"]
top_radius = 0.0
bottom_radius = 0.01190
height = 0.05329
radial_segments = 5
rings = 1

[sub_resource type="CylinderMesh" id="Mesh_46"]
top_radius = 0.0
bottom_radius = 0.01190
height = 0.04948
radial_segments = 5
rings = 1

[sub_resource type="CylinderMesh" id="Mesh_47"]
top_radius = 0.0
bottom_radius = 0.01400
height = 0.05145
radial_segments = 5
rings = 1

[sub_resource type="CylinderMesh" id="Mesh_48"]
top_radius = 0.0
bottom_radius = 0.01400
height = 0.04895
radial_segments = 5
rings = 1

[sub_resource type="CylinderMesh" id="Mesh_49"]
top_radius = 0.0
bottom_radius = 0.01400
height = 0.04936
radial_segments = 5
rings = 1

[sub_resource type="CylinderMesh" id="Mesh_50"]
top_radius = 0.0
bottom_radius = 0.01120
height = 0.05140
radial_segments = 5
rings = 1

[sub_resource type="CylinderMesh" id="Mesh_51"]
top_radius = 0.0
bottom_radius = 0.01120
height = 0.03691
radial_segments = 5
rings = 1

[sub_resource type="CylinderMesh" id="Mesh_52"]
top_radius = 0.0
bottom_radius = 0.01120
height = 0.05403
radial_segments = 5
rings = 1

[sub_resource type="CylinderMesh" id="Mesh_53"]
top_radius = 0.0
bottom_radius = 0.01260
height = 0.06661
radial_segments = 5
rings = 1

[sub_resource type="CylinderMesh" id="Mesh_54"]
top_radius = 0.0
bottom_radius = 0.01260
height = 0.04979
radial_segments = 5
rings = 1

[sub_resource type="CylinderMesh" id="Mesh_55"]
top_radius = 0.0
bottom_radius = 0.01260
height = 0.06116
radial_segments = 5
rings = 1

[sub_resource type="CylinderMesh" id="Mesh_56"]
top_radius = 0.0
bottom_radius = 0.01260
height = 0.06083
radial_segments = 5
rings = 1

[node name="Sheep" type="Node3D"]

[node name="Pivot" type="Node3D" parent="."]
transform = Transform3D(0.86603, -0.5, 0, 0, 0, 1, -0.5, -0.86603, 0, 0, 0.1, 0)

[node name="base_earth" type="MeshInstance3D" parent="Pivot"]
transform = Transform3D(1.00000, 0.00000, 0.00000, 0.00000, 0.00000, -1.00000, 0.00000, 1.00000, 0.00000, 0.00000, 0.00000, -0.06000)
mesh = SubResource("Mesh_1")
surface_material_override/0 = SubResource("Mat_2")

[node name="base_top" type="MeshInstance3D" parent="Pivot"]
transform = Transform3D(1.00000, 0.00000, 0.00000, 0.00000, 0.00000, -1.00000, 0.00000, 1.00000, 0.00000, 0.00000, 0.00000, 0.00000)
mesh = SubResource("Mesh_3")
surface_material_override/0 = SubResource("Mat_4")

[node name="dirt_patch" type="MeshInstance3D" parent="Pivot"]
transform = Transform3D(1.25000, 0.00000, 0.00000, 0.00000, 0.00000, -0.95000, 0.00000, 1.00000, 0.00000, 0.08000, -0.18000, 0.00500)
mesh = SubResource("Mesh_5")
surface_material_override/0 = SubResource("Mat_6")

[node name="Barn" type="Node3D" parent="Pivot"]
transform = Transform3D(-0.75011, 0.66131, 0.00000, -0.66131, -0.75011, 0.00000, 0.00000, 0.00000, 1.00000, -0.30000, 0.34000, 0.00000)

[node name="walls" type="MeshInstance3D" parent="Pivot/Barn"]
transform = Transform3D(1.00000, 0.00000, 0.00000, 0.00000, 1.00000, 0.00000, 0.00000, 0.00000, 1.00000, 0.00000, 0.00000, 0.10000)
mesh = SubResource("Mesh_7")
surface_material_override/0 = SubResource("Mat_8")

[node name="roof_r" type="MeshInstance3D" parent="Pivot/Barn"]
transform = Transform3D(0.84118, 0.00000, 0.54076, 0.00000, 1.00000, 0.00000, -0.54076, 0.00000, 0.84118, 0.11149, 0.00000, 0.27759)
mesh = SubResource("Mesh_9")
surface_material_override/0 = SubResource("Mat_10")

[node name="roof_l" type="MeshInstance3D" parent="Pivot/Barn"]
transform = Transform3D(0.84118, 0.00000, -0.54076, 0.00000, 1.00000, 0.00000, 0.54076, 0.00000, 0.84118, -0.11149, 0.00000, 0.27759)
mesh = SubResource("Mesh_9")
surface_material_override/0 = SubResource("Mat_10")

[node name="ridge" type="MeshInstance3D" parent="Pivot/Barn"]
transform = Transform3D(1.00000, 0.00000, 0.00000, 0.00000, 1.00000, 0.00000, 0.00000, 0.00000, 1.00000, 0.00000, 0.00000, 0.34300)
mesh = SubResource("Mesh_11")
surface_material_override/0 = SubResource("Mat_12")

[node name="door" type="MeshInstance3D" parent="Pivot/Barn"]
transform = Transform3D(1.00000, 0.00000, 0.00000, 0.00000, 1.00000, 0.00000, 0.00000, 0.00000, 1.00000, 0.00000, 0.18700, 0.07750)
mesh = SubResource("Mesh_13")
surface_material_override/0 = SubResource("Mat_12")

[node name="door_jamb_l" type="MeshInstance3D" parent="Pivot/Barn"]
transform = Transform3D(1.00000, 0.00000, 0.00000, 0.00000, 1.00000, 0.00000, 0.00000, 0.00000, 1.00000, -0.06350, 0.18800, 0.08600)
mesh = SubResource("Mesh_14")
surface_material_override/0 = SubResource("Mat_15")

[node name="door_jamb_r" type="MeshInstance3D" parent="Pivot/Barn"]
transform = Transform3D(1.00000, 0.00000, 0.00000, 0.00000, 1.00000, 0.00000, 0.00000, 0.00000, 1.00000, 0.06350, 0.18800, 0.08600)
mesh = SubResource("Mesh_14")
surface_material_override/0 = SubResource("Mat_15")

[node name="door_lintel" type="MeshInstance3D" parent="Pivot/Barn"]
transform = Transform3D(1.00000, 0.00000, 0.00000, 0.00000, 1.00000, 0.00000, 0.00000, 0.00000, 1.00000, 0.00000, 0.18800, 0.18000)
mesh = SubResource("Mesh_16")
surface_material_override/0 = SubResource("Mat_15")

[node name="window_frame" type="MeshInstance3D" parent="Pivot/Barn"]
transform = Transform3D(1.00000, 0.00000, 0.00000, 0.00000, 1.00000, 0.00000, 0.00000, 0.00000, 1.00000, 0.21400, -0.01500, 0.11800)
mesh = SubResource("Mesh_17")
surface_material_override/0 = SubResource("Mat_15")

[node name="window" type="MeshInstance3D" parent="Pivot/Barn"]
transform = Transform3D(1.00000, 0.00000, 0.00000, 0.00000, 1.00000, 0.00000, 0.00000, 0.00000, 1.00000, 0.21900, -0.01500, 0.11800)
mesh = SubResource("Mesh_18")
surface_material_override/0 = SubResource("Mat_19")

[node name="Fence" type="Node3D" parent="Pivot"]
transform = Transform3D(1.00000, 0.00000, 0.00000, 0.00000, 1.00000, 0.00000, 0.00000, 0.00000, 1.00000, 0.00000, 0.00000, 0.00000)

[node name="post_1" type="MeshInstance3D" parent="Pivot/Fence"]
transform = Transform3D(1.00000, 0.00000, 0.00000, 0.00000, 1.00000, 0.00000, 0.00000, 0.00000, 1.00000, -0.66409, 0.02520, 0.05750)
mesh = SubResource("Mesh_20")
surface_material_override/0 = SubResource("Mat_12")

[node name="post_2" type="MeshInstance3D" parent="Pivot/Fence"]
transform = Transform3D(1.00000, 0.00000, 0.00000, 0.00000, 1.00000, 0.00000, 0.00000, 0.00000, 1.00000, -0.58794, -0.25073, 0.05750)
mesh = SubResource("Mesh_20")
surface_material_override/0 = SubResource("Mat_12")

[node name="post_3" type="MeshInstance3D" parent="Pivot/Fence"]
transform = Transform3D(1.00000, 0.00000, 0.00000, 0.00000, 1.00000, 0.00000, 0.00000, 0.00000, 1.00000, -0.40285, -0.46909, 0.05750)
mesh = SubResource("Mesh_20")
surface_material_override/0 = SubResource("Mat_12")

[node name="post_4" type="MeshInstance3D" parent="Pivot/Fence"]
transform = Transform3D(1.00000, 0.00000, 0.00000, 0.00000, 1.00000, 0.00000, 0.00000, 0.00000, 1.00000, -0.14312, -0.58942, 0.05750)
mesh = SubResource("Mesh_20")
surface_material_override/0 = SubResource("Mat_12")

[node name="post_5" type="MeshInstance3D" parent="Pivot/Fence"]
transform = Transform3D(1.00000, 0.00000, 0.00000, 0.00000, 1.00000, 0.00000, 0.00000, 0.00000, 1.00000, 0.14312, -0.58942, 0.05750)
mesh = SubResource("Mesh_20")
surface_material_override/0 = SubResource("Mat_12")

[node name="post_6" type="MeshInstance3D" parent="Pivot/Fence"]
transform = Transform3D(1.00000, 0.00000, 0.00000, 0.00000, 1.00000, 0.00000, 0.00000, 0.00000, 1.00000, 0.40285, -0.46909, 0.05750)
mesh = SubResource("Mesh_20")
surface_material_override/0 = SubResource("Mat_12")

[node name="post_7" type="MeshInstance3D" parent="Pivot/Fence"]
transform = Transform3D(1.00000, 0.00000, 0.00000, 0.00000, 1.00000, 0.00000, 0.00000, 0.00000, 1.00000, 0.58794, -0.25073, 0.05750)
mesh = SubResource("Mesh_20")
surface_material_override/0 = SubResource("Mat_12")

[node name="post_8" type="MeshInstance3D" parent="Pivot/Fence"]
transform = Transform3D(1.00000, 0.00000, 0.00000, 0.00000, 1.00000, 0.00000, 0.00000, 0.00000, 1.00000, 0.66409, 0.02520, 0.05750)
mesh = SubResource("Mesh_20")
surface_material_override/0 = SubResource("Mat_12")

[node name="rail_1_1" type="MeshInstance3D" parent="Pivot/Fence"]
transform = Transform3D(0.26604, 0.96396, 0.00000, -0.96396, 0.26604, 0.00000, 0.00000, 0.00000, 1.00000, -0.62601, -0.11277, 0.05200)
mesh = SubResource("Mesh_21")
surface_material_override/0 = SubResource("Mat_15")

[node name="rail_1_2" type="MeshInstance3D" parent="Pivot/Fence"]
transform = Transform3D(0.26604, 0.96396, 0.00000, -0.96396, 0.26604, 0.00000, 0.00000, 0.00000, 1.00000, -0.62601, -0.11277, 0.09000)
mesh = SubResource("Mesh_21")
surface_material_override/0 = SubResource("Mat_15")

[node name="rail_2_1" type="MeshInstance3D" parent="Pivot/Fence"]
transform = Transform3D(0.64660, 0.76283, 0.00000, -0.76283, 0.64660, 0.00000, 0.00000, 0.00000, 1.00000, -0.49539, -0.35991, 0.05200)
mesh = SubResource("Mesh_21")
surface_material_override/0 = SubResource("Mat_15")

[node name="rail_2_2" type="MeshInstance3D" parent="Pivot/Fence"]
transform = Transform3D(0.64660, 0.76283, 0.00000, -0.76283, 0.64660, 0.00000, 0.00000, 0.00000, 1.00000, -0.49539, -0.35991, 0.09000)
mesh = SubResource("Mesh_21")
surface_material_override/0 = SubResource("Mat_15")

[node name="rail_3_1" type="MeshInstance3D" parent="Pivot/Fence"]
transform = Transform3D(0.90736, 0.42036, 0.00000, -0.42036, 0.90736, 0.00000, 0.00000, 0.00000, 1.00000, -0.27299, -0.52925, 0.05200)
mesh = SubResource("Mesh_21")
surface_material_override/0 = SubResource("Mat_15")

[node name="rail_3_2" type="MeshInstance3D" parent="Pivot/Fence"]
transform = Transform3D(0.90736, 0.42036, 0.00000, -0.42036, 0.90736, 0.00000, 0.00000, 0.00000, 1.00000, -0.27299, -0.52925, 0.09000)
mesh = SubResource("Mesh_21")
surface_material_override/0 = SubResource("Mat_15")

[node name="rail_4_1" type="MeshInstance3D" parent="Pivot/Fence"]
transform = Transform3D(1.00000, 0.00000, 0.00000, 0.00000, 1.00000, 0.00000, 0.00000, 0.00000, 1.00000, -0.00000, -0.58942, 0.05200)
mesh = SubResource("Mesh_21")
surface_material_override/0 = SubResource("Mat_15")

[node name="rail_4_2" type="MeshInstance3D" parent="Pivot/Fence"]
transform = Transform3D(1.00000, 0.00000, 0.00000, 0.00000, 1.00000, 0.00000, 0.00000, 0.00000, 1.00000, -0.00000, -0.58942, 0.09000)
mesh = SubResource("Mesh_21")
surface_material_override/0 = SubResource("Mat_15")

[node name="rail_5_1" type="MeshInstance3D" parent="Pivot/Fence"]
transform = Transform3D(0.90736, -0.42036, 0.00000, 0.42036, 0.90736, 0.00000, 0.00000, 0.00000, 1.00000, 0.27299, -0.52925, 0.05200)
mesh = SubResource("Mesh_21")
surface_material_override/0 = SubResource("Mat_15")

[node name="rail_5_2" type="MeshInstance3D" parent="Pivot/Fence"]
transform = Transform3D(0.90736, -0.42036, 0.00000, 0.42036, 0.90736, 0.00000, 0.00000, 0.00000, 1.00000, 0.27299, -0.52925, 0.09000)
mesh = SubResource("Mesh_21")
surface_material_override/0 = SubResource("Mat_15")

[node name="rail_6_1" type="MeshInstance3D" parent="Pivot/Fence"]
transform = Transform3D(0.64660, -0.76283, 0.00000, 0.76283, 0.64660, 0.00000, 0.00000, 0.00000, 1.00000, 0.49539, -0.35991, 0.05200)
mesh = SubResource("Mesh_21")
surface_material_override/0 = SubResource("Mat_15")

[node name="rail_6_2" type="MeshInstance3D" parent="Pivot/Fence"]
transform = Transform3D(0.64660, -0.76283, 0.00000, 0.76283, 0.64660, 0.00000, 0.00000, 0.00000, 1.00000, 0.49539, -0.35991, 0.09000)
mesh = SubResource("Mesh_21")
surface_material_override/0 = SubResource("Mat_15")

[node name="rail_7_1" type="MeshInstance3D" parent="Pivot/Fence"]
transform = Transform3D(0.26604, -0.96396, 0.00000, 0.96396, 0.26604, 0.00000, 0.00000, 0.00000, 1.00000, 0.62601, -0.11277, 0.05200)
mesh = SubResource("Mesh_21")
surface_material_override/0 = SubResource("Mat_15")

[node name="rail_7_2" type="MeshInstance3D" parent="Pivot/Fence"]
transform = Transform3D(0.26604, -0.96396, 0.00000, 0.96396, 0.26604, 0.00000, 0.00000, 0.00000, 1.00000, 0.62601, -0.11277, 0.09000)
mesh = SubResource("Mesh_21")
surface_material_override/0 = SubResource("Mat_15")

[node name="Sheep_1" type="Node3D" parent="Pivot"]
transform = Transform3D(0.90631, -0.42262, 0.00000, 0.42262, 0.90631, 0.00000, 0.00000, 0.00000, 1.00000, -0.22000, -0.30000, 0.00000)

[node name="body" type="MeshInstance3D" parent="Pivot/Sheep_1"]
transform = Transform3D(1.30000, 0.00000, 0.00000, 0.00000, 0.98000, 0.00000, 0.00000, 0.00000, 0.92000, 0.00000, 0.00000, 0.10800)
mesh = SubResource("Mesh_22")
surface_material_override/0 = SubResource("Mat_23")

[node name="cap" type="MeshInstance3D" parent="Pivot/Sheep_1"]
transform = Transform3D(1.00000, 0.00000, 0.00000, 0.00000, 1.00000, 0.00000, 0.00000, 0.00000, 1.00000, 0.11800, 0.00000, 0.17000)
mesh = SubResource("Mesh_24")
surface_material_override/0 = SubResource("Mat_23")

[node name="tail" type="MeshInstance3D" parent="Pivot/Sheep_1"]
transform = Transform3D(1.00000, 0.00000, 0.00000, 0.00000, 1.00000, 0.00000, 0.00000, 0.00000, 1.00000, -0.11400, 0.00000, 0.12000)
mesh = SubResource("Mesh_25")
surface_material_override/0 = SubResource("Mat_23")

[node name="head" type="MeshInstance3D" parent="Pivot/Sheep_1"]
transform = Transform3D(1.15000, 0.00000, 0.00000, 0.00000, 0.85000, 0.00000, 0.00000, 0.00000, 0.95000, 0.12800, 0.00000, 0.13800)
mesh = SubResource("Mesh_26")
surface_material_override/0 = SubResource("Mat_27")

[node name="ear_l" type="MeshInstance3D" parent="Pivot/Sheep_1"]
transform = Transform3D(1.60000, 0.00000, 0.00000, 0.00000, 0.70000, 0.00000, 0.00000, 0.00000, 0.90000, 0.11800, 0.04700, 0.15800)
mesh = SubResource("Mesh_28")
surface_material_override/0 = SubResource("Mat_27")

[node name="ear_r" type="MeshInstance3D" parent="Pivot/Sheep_1"]
transform = Transform3D(1.60000, 0.00000, 0.00000, 0.00000, 0.70000, 0.00000, 0.00000, 0.00000, 0.90000, 0.11800, -0.04700, 0.15800)
mesh = SubResource("Mesh_28")
surface_material_override/0 = SubResource("Mat_27")

[node name="leg_1" type="MeshInstance3D" parent="Pivot/Sheep_1"]
transform = Transform3D(1.00000, 0.00000, 0.00000, 0.00000, 0.00000, -1.00000, 0.00000, 1.00000, 0.00000, 0.05800, 0.03800, 0.03100)
mesh = SubResource("Mesh_29")
surface_material_override/0 = SubResource("Mat_27")

[node name="leg_2" type="MeshInstance3D" parent="Pivot/Sheep_1"]
transform = Transform3D(1.00000, 0.00000, 0.00000, 0.00000, 0.00000, -1.00000, 0.00000, 1.00000, 0.00000, 0.05800, -0.03800, 0.03100)
mesh = SubResource("Mesh_29")
surface_material_override/0 = SubResource("Mat_27")

[node name="leg_3" type="MeshInstance3D" parent="Pivot/Sheep_1"]
transform = Transform3D(1.00000, 0.00000, 0.00000, 0.00000, 0.00000, -1.00000, 0.00000, 1.00000, 0.00000, -0.05800, 0.03800, 0.03100)
mesh = SubResource("Mesh_29")
surface_material_override/0 = SubResource("Mat_27")

[node name="leg_4" type="MeshInstance3D" parent="Pivot/Sheep_1"]
transform = Transform3D(1.00000, 0.00000, 0.00000, 0.00000, 0.00000, -1.00000, 0.00000, 1.00000, 0.00000, -0.05800, -0.03800, 0.03100)
mesh = SubResource("Mesh_29")
surface_material_override/0 = SubResource("Mat_27")

[node name="Sheep_2" type="Node3D" parent="Pivot"]
transform = Transform3D(0.40571, 0.87006, 0.00000, -0.87006, 0.40571, 0.00000, 0.00000, 0.00000, 0.96000, 0.42000, -0.30000, 0.00000)

[node name="body" type="MeshInstance3D" parent="Pivot/Sheep_2"]
transform = Transform3D(1.30000, 0.00000, 0.00000, 0.00000, 0.98000, 0.00000, 0.00000, 0.00000, 0.92000, 0.00000, 0.00000, 0.10800)
mesh = SubResource("Mesh_22")
surface_material_override/0 = SubResource("Mat_23")

[node name="cap" type="MeshInstance3D" parent="Pivot/Sheep_2"]
transform = Transform3D(1.00000, 0.00000, 0.00000, 0.00000, 1.00000, 0.00000, 0.00000, 0.00000, 1.00000, 0.11800, 0.00000, 0.17000)
mesh = SubResource("Mesh_24")
surface_material_override/0 = SubResource("Mat_23")

[node name="tail" type="MeshInstance3D" parent="Pivot/Sheep_2"]
transform = Transform3D(1.00000, 0.00000, 0.00000, 0.00000, 1.00000, 0.00000, 0.00000, 0.00000, 1.00000, -0.11400, 0.00000, 0.12000)
mesh = SubResource("Mesh_25")
surface_material_override/0 = SubResource("Mat_23")

[node name="head" type="MeshInstance3D" parent="Pivot/Sheep_2"]
transform = Transform3D(1.15000, 0.00000, 0.00000, 0.00000, 0.85000, 0.00000, 0.00000, 0.00000, 0.95000, 0.12800, 0.00000, 0.13800)
mesh = SubResource("Mesh_26")
surface_material_override/0 = SubResource("Mat_27")

[node name="ear_l" type="MeshInstance3D" parent="Pivot/Sheep_2"]
transform = Transform3D(1.60000, 0.00000, 0.00000, 0.00000, 0.70000, 0.00000, 0.00000, 0.00000, 0.90000, 0.11800, 0.04700, 0.15800)
mesh = SubResource("Mesh_28")
surface_material_override/0 = SubResource("Mat_27")

[node name="ear_r" type="MeshInstance3D" parent="Pivot/Sheep_2"]
transform = Transform3D(1.60000, 0.00000, 0.00000, 0.00000, 0.70000, 0.00000, 0.00000, 0.00000, 0.90000, 0.11800, -0.04700, 0.15800)
mesh = SubResource("Mesh_28")
surface_material_override/0 = SubResource("Mat_27")

[node name="leg_1" type="MeshInstance3D" parent="Pivot/Sheep_2"]
transform = Transform3D(1.00000, 0.00000, 0.00000, 0.00000, 0.00000, -1.00000, 0.00000, 1.00000, 0.00000, 0.05800, 0.03800, 0.03100)
mesh = SubResource("Mesh_29")
surface_material_override/0 = SubResource("Mat_27")

[node name="leg_2" type="MeshInstance3D" parent="Pivot/Sheep_2"]
transform = Transform3D(1.00000, 0.00000, 0.00000, 0.00000, 0.00000, -1.00000, 0.00000, 1.00000, 0.00000, 0.05800, -0.03800, 0.03100)
mesh = SubResource("Mesh_29")
surface_material_override/0 = SubResource("Mat_27")

[node name="leg_3" type="MeshInstance3D" parent="Pivot/Sheep_2"]
transform = Transform3D(1.00000, 0.00000, 0.00000, 0.00000, 0.00000, -1.00000, 0.00000, 1.00000, 0.00000, -0.05800, 0.03800, 0.03100)
mesh = SubResource("Mesh_29")
surface_material_override/0 = SubResource("Mat_27")

[node name="leg_4" type="MeshInstance3D" parent="Pivot/Sheep_2"]
transform = Transform3D(1.00000, 0.00000, 0.00000, 0.00000, 0.00000, -1.00000, 0.00000, 1.00000, 0.00000, -0.05800, -0.03800, 0.03100)
mesh = SubResource("Mesh_29")
surface_material_override/0 = SubResource("Mat_27")

[node name="Sheep_3" type="Node3D" parent="Pivot"]
transform = Transform3D(-0.93969, -0.34202, 0.00000, 0.34202, -0.93969, 0.00000, 0.00000, 0.00000, 1.00000, 0.06000, -0.06000, 0.00000)

[node name="body" type="MeshInstance3D" parent="Pivot/Sheep_3"]
transform = Transform3D(1.30000, 0.00000, 0.00000, 0.00000, 0.98000, 0.00000, 0.00000, 0.00000, 0.92000, 0.00000, 0.00000, 0.10800)
mesh = SubResource("Mesh_22")
surface_material_override/0 = SubResource("Mat_23")

[node name="cap" type="MeshInstance3D" parent="Pivot/Sheep_3"]
transform = Transform3D(1.00000, 0.00000, 0.00000, 0.00000, 1.00000, 0.00000, 0.00000, 0.00000, 1.00000, 0.11800, 0.00000, 0.17000)
mesh = SubResource("Mesh_24")
surface_material_override/0 = SubResource("Mat_23")

[node name="tail" type="MeshInstance3D" parent="Pivot/Sheep_3"]
transform = Transform3D(1.00000, 0.00000, 0.00000, 0.00000, 1.00000, 0.00000, 0.00000, 0.00000, 1.00000, -0.11400, 0.00000, 0.12000)
mesh = SubResource("Mesh_25")
surface_material_override/0 = SubResource("Mat_23")

[node name="head" type="MeshInstance3D" parent="Pivot/Sheep_3"]
transform = Transform3D(1.15000, 0.00000, 0.00000, 0.00000, 0.85000, 0.00000, 0.00000, 0.00000, 0.95000, 0.12800, 0.00000, 0.13800)
mesh = SubResource("Mesh_26")
surface_material_override/0 = SubResource("Mat_27")

[node name="ear_l" type="MeshInstance3D" parent="Pivot/Sheep_3"]
transform = Transform3D(1.60000, 0.00000, 0.00000, 0.00000, 0.70000, 0.00000, 0.00000, 0.00000, 0.90000, 0.11800, 0.04700, 0.15800)
mesh = SubResource("Mesh_28")
surface_material_override/0 = SubResource("Mat_27")

[node name="ear_r" type="MeshInstance3D" parent="Pivot/Sheep_3"]
transform = Transform3D(1.60000, 0.00000, 0.00000, 0.00000, 0.70000, 0.00000, 0.00000, 0.00000, 0.90000, 0.11800, -0.04700, 0.15800)
mesh = SubResource("Mesh_28")
surface_material_override/0 = SubResource("Mat_27")

[node name="leg_1" type="MeshInstance3D" parent="Pivot/Sheep_3"]
transform = Transform3D(1.00000, 0.00000, 0.00000, 0.00000, 0.00000, -1.00000, 0.00000, 1.00000, 0.00000, 0.05800, 0.03800, 0.03100)
mesh = SubResource("Mesh_29")
surface_material_override/0 = SubResource("Mat_27")

[node name="leg_2" type="MeshInstance3D" parent="Pivot/Sheep_3"]
transform = Transform3D(1.00000, 0.00000, 0.00000, 0.00000, 0.00000, -1.00000, 0.00000, 1.00000, 0.00000, 0.05800, -0.03800, 0.03100)
mesh = SubResource("Mesh_29")
surface_material_override/0 = SubResource("Mat_27")

[node name="leg_3" type="MeshInstance3D" parent="Pivot/Sheep_3"]
transform = Transform3D(1.00000, 0.00000, 0.00000, 0.00000, 0.00000, -1.00000, 0.00000, 1.00000, 0.00000, -0.05800, 0.03800, 0.03100)
mesh = SubResource("Mesh_29")
surface_material_override/0 = SubResource("Mat_27")

[node name="leg_4" type="MeshInstance3D" parent="Pivot/Sheep_3"]
transform = Transform3D(1.00000, 0.00000, 0.00000, 0.00000, 0.00000, -1.00000, 0.00000, 1.00000, 0.00000, -0.05800, -0.03800, 0.03100)
mesh = SubResource("Mesh_29")
surface_material_override/0 = SubResource("Mat_27")

[node name="Lamb" type="Node3D" parent="Pivot"]
transform = Transform3D(0.11461, -0.64997, 0.00000, 0.64997, 0.11461, 0.00000, 0.00000, 0.00000, 0.66000, -0.05000, -0.44000, 0.00000)

[node name="body" type="MeshInstance3D" parent="Pivot/Lamb"]
transform = Transform3D(1.30000, 0.00000, 0.00000, 0.00000, 0.98000, 0.00000, 0.00000, 0.00000, 0.92000, 0.00000, 0.00000, 0.10800)
mesh = SubResource("Mesh_22")
surface_material_override/0 = SubResource("Mat_23")

[node name="cap" type="MeshInstance3D" parent="Pivot/Lamb"]
transform = Transform3D(1.00000, 0.00000, 0.00000, 0.00000, 1.00000, 0.00000, 0.00000, 0.00000, 1.00000, 0.11800, 0.00000, 0.17000)
mesh = SubResource("Mesh_24")
surface_material_override/0 = SubResource("Mat_23")

[node name="tail" type="MeshInstance3D" parent="Pivot/Lamb"]
transform = Transform3D(1.00000, 0.00000, 0.00000, 0.00000, 1.00000, 0.00000, 0.00000, 0.00000, 1.00000, -0.11400, 0.00000, 0.12000)
mesh = SubResource("Mesh_25")
surface_material_override/0 = SubResource("Mat_23")

[node name="head" type="MeshInstance3D" parent="Pivot/Lamb"]
transform = Transform3D(1.15000, 0.00000, 0.00000, 0.00000, 0.85000, 0.00000, 0.00000, 0.00000, 0.95000, 0.12800, 0.00000, 0.13800)
mesh = SubResource("Mesh_26")
surface_material_override/0 = SubResource("Mat_27")

[node name="ear_l" type="MeshInstance3D" parent="Pivot/Lamb"]
transform = Transform3D(1.60000, 0.00000, 0.00000, 0.00000, 0.70000, 0.00000, 0.00000, 0.00000, 0.90000, 0.11800, 0.04700, 0.15800)
mesh = SubResource("Mesh_28")
surface_material_override/0 = SubResource("Mat_27")

[node name="ear_r" type="MeshInstance3D" parent="Pivot/Lamb"]
transform = Transform3D(1.60000, 0.00000, 0.00000, 0.00000, 0.70000, 0.00000, 0.00000, 0.00000, 0.90000, 0.11800, -0.04700, 0.15800)
mesh = SubResource("Mesh_28")
surface_material_override/0 = SubResource("Mat_27")

[node name="leg_1" type="MeshInstance3D" parent="Pivot/Lamb"]
transform = Transform3D(1.00000, 0.00000, 0.00000, 0.00000, 0.00000, -1.00000, 0.00000, 1.00000, 0.00000, 0.05800, 0.03800, 0.03100)
mesh = SubResource("Mesh_29")
surface_material_override/0 = SubResource("Mat_27")

[node name="leg_2" type="MeshInstance3D" parent="Pivot/Lamb"]
transform = Transform3D(1.00000, 0.00000, 0.00000, 0.00000, 0.00000, -1.00000, 0.00000, 1.00000, 0.00000, 0.05800, -0.03800, 0.03100)
mesh = SubResource("Mesh_29")
surface_material_override/0 = SubResource("Mat_27")

[node name="leg_3" type="MeshInstance3D" parent="Pivot/Lamb"]
transform = Transform3D(1.00000, 0.00000, 0.00000, 0.00000, 0.00000, -1.00000, 0.00000, 1.00000, 0.00000, -0.05800, 0.03800, 0.03100)
mesh = SubResource("Mesh_29")
surface_material_override/0 = SubResource("Mat_27")

[node name="leg_4" type="MeshInstance3D" parent="Pivot/Lamb"]
transform = Transform3D(1.00000, 0.00000, 0.00000, 0.00000, 0.00000, -1.00000, 0.00000, 1.00000, 0.00000, -0.05800, -0.03800, 0.03100)
mesh = SubResource("Mesh_29")
surface_material_override/0 = SubResource("Mat_27")

[node name="Trough" type="Node3D" parent="Pivot"]
transform = Transform3D(0.92718, 0.37461, 0.00000, -0.37461, 0.92718, 0.00000, 0.00000, 0.00000, 1.00000, 0.50000, 0.13000, 0.00000)

[node name="box" type="MeshInstance3D" parent="Pivot/Trough"]
transform = Transform3D(1.00000, 0.00000, 0.00000, 0.00000, 1.00000, 0.00000, 0.00000, 0.00000, 1.00000, 0.00000, 0.00000, 0.02700)
mesh = SubResource("Mesh_30")
surface_material_override/0 = SubResource("Mat_8")

[node name="hay" type="MeshInstance3D" parent="Pivot/Trough"]
transform = Transform3D(1.00000, 0.00000, 0.00000, 0.00000, 1.00000, 0.00000, 0.00000, 0.00000, 1.00000, 0.00000, 0.00000, 0.05600)
mesh = SubResource("Mesh_31")
surface_material_override/0 = SubResource("Mat_32")

[node name="Tuft_1" type="Node3D" parent="Pivot"]
transform = Transform3D(1.00000, 0.00000, 0.00000, 0.00000, 1.00000, 0.00000, 0.00000, 0.00000, 1.00000, -0.62000, -0.12000, 0.00000)

[node name="blade_1" type="MeshInstance3D" parent="Pivot/Tuft_1"]
transform = Transform3D(0.97820, 0.20637, 0.02319, 0.00000, 0.11167, -0.99374, -0.20767, 0.97208, 0.10924, 0.01770, -0.00648, 0.02516)
mesh = SubResource("Mesh_33")
surface_material_override/0 = SubResource("Mat_34")

[node name="blade_2" type="MeshInstance3D" parent="Pivot/Tuft_1"]
transform = Transform3D(0.99392, -0.11006, -0.00198, 0.00000, 0.01796, -0.99984, 0.11008, 0.99376, 0.01785, 0.01262, 0.00116, 0.03424)
mesh = SubResource("Mesh_35")
surface_material_override/0 = SubResource("Mat_34")

[node name="blade_3" type="MeshInstance3D" parent="Pivot/Tuft_1"]
transform = Transform3D(0.99955, 0.02995, -0.00008, 0.00000, -0.00255, -1.00000, -0.02995, 0.99955, -0.00255, -0.00003, 0.00494, 0.02916)
mesh = SubResource("Mesh_36")
surface_material_override/0 = SubResource("Mat_34")

[node name="blade_4" type="MeshInstance3D" parent="Pivot/Tuft_1"]
transform = Transform3D(0.98732, -0.15284, 0.04293, 0.00000, -0.27041, -0.96275, 0.15875, 0.95054, -0.26698, 0.01098, -0.00911, 0.03026)
mesh = SubResource("Mesh_37")
surface_material_override/0 = SubResource("Mat_34")

[node name="blade_5" type="MeshInstance3D" parent="Pivot/Tuft_1"]
transform = Transform3D(0.99997, 0.00806, 0.00214, 0.00000, 0.25710, -0.96639, -0.00834, 0.96635, 0.25709, 0.00674, 0.01630, 0.02238)
mesh = SubResource("Mesh_38")
surface_material_override/0 = SubResource("Mat_34")

[node name="Tuft_2" type="Node3D" parent="Pivot"]
transform = Transform3D(1.00000, 0.00000, 0.00000, 0.00000, 1.00000, 0.00000, 0.00000, 0.00000, 1.00000, 0.66000, -0.18000, 0.00000)

[node name="blade_1" type="MeshInstance3D" parent="Pivot/Tuft_2"]
transform = Transform3D(1.00000, -0.00175, 0.00001, 0.00000, -0.00791, -0.99997, 0.00175, 0.99997, -0.00791, -0.01618, 0.00328, 0.02874)
mesh = SubResource("Mesh_39")
surface_material_override/0 = SubResource("Mat_34")

[node name="blade_2" type="MeshInstance3D" parent="Pivot/Tuft_2"]
transform = Transform3D(0.98598, -0.16591, 0.01791, 0.00000, -0.10733, -0.99422, 0.16688, 0.98028, -0.10583, -0.00379, -0.00224, 0.02240)
mesh = SubResource("Mesh_40")
surface_material_override/0 = SubResource("Mat_34")

[node name="blade_3" type="MeshInstance3D" parent="Pivot/Tuft_2"]
transform = Transform3D(0.99154, -0.12736, -0.02496, 0.00000, 0.19230, -0.98134, 0.12978, 0.97304, 0.19067, -0.00405, 0.00610, 0.03061)
mesh = SubResource("Mesh_41")
surface_material_override/0 = SubResource("Mat_34")

[node name="blade_4" type="MeshInstance3D" parent="Pivot/Tuft_2"]
transform = Transform3D(0.99085, 0.13457, -0.01055, 0.00000, -0.07816, -0.99694, -0.13498, 0.98782, -0.07745, 0.01095, -0.00876, 0.03130)
mesh = SubResource("Mesh_42")
surface_material_override/0 = SubResource("Mat_34")

[node name="Tuft_3" type="Node3D" parent="Pivot"]
transform = Transform3D(1.00000, 0.00000, 0.00000, 0.00000, 1.00000, 0.00000, 0.00000, 0.00000, 1.00000, -0.40000, 0.02000, 0.00000)

[node name="blade_1" type="MeshInstance3D" parent="Pivot/Tuft_3"]
transform = Transform3D(0.99849, 0.05479, 0.00427, 0.00000, 0.07761, -0.99698, -0.05496, 0.99548, 0.07750, -0.00669, 0.00015, 0.03010)
mesh = SubResource("Mesh_43")
surface_material_override/0 = SubResource("Mat_34")

[node name="blade_2" type="MeshInstance3D" parent="Pivot/Tuft_3"]
transform = Transform3D(0.98435, 0.17285, 0.03430, 0.00000, 0.19464, -0.98088, -0.17622, 0.96552, 0.19159, 0.01016, 0.00692, 0.02244)
mesh = SubResource("Mesh_44")
surface_material_override/0 = SubResource("Mat_34")

[node name="blade_3" type="MeshInstance3D" parent="Pivot/Tuft_3"]
transform = Transform3D(0.99702, 0.07707, -0.00454, 0.00000, -0.05880, -0.99827, -0.07720, 0.99529, -0.05862, -0.01002, 0.00988, 0.02652)
mesh = SubResource("Mesh_45")
surface_material_override/0 = SubResource("Mat_34")

[node name="blade_4" type="MeshInstance3D" parent="Pivot/Tuft_3"]
transform = Transform3D(0.99851, -0.05399, -0.00793, 0.00000, 0.14533, -0.98938, 0.05457, 0.98791, 0.14511, -0.00248, 0.00130, 0.02444)
mesh = SubResource("Mesh_46")
surface_material_override/0 = SubResource("Mat_34")

[node name="Tuft_4" type="Node3D" parent="Pivot"]
transform = Transform3D(1.00000, 0.00000, 0.00000, 0.00000, 1.00000, 0.00000, 0.00000, 0.00000, 1.00000, 0.18000, 0.42000, 0.00000)

[node name="blade_1" type="MeshInstance3D" parent="Pivot/Tuft_4"]
transform = Transform3D(0.99376, -0.11102, 0.01071, 0.00000, -0.09604, -0.99538, 0.11153, 0.98917, -0.09544, 0.01304, 0.00858, 0.02545)
mesh = SubResource("Mesh_47")
surface_material_override/0 = SubResource("Mat_34")

[node name="blade_2" type="MeshInstance3D" parent="Pivot/Tuft_4"]
transform = Transform3D(0.96912, 0.24201, -0.04736, 0.00000, -0.19204, -0.98139, -0.24660, 0.95108, -0.18611, 0.01521, -0.01415, 0.02328)
mesh = SubResource("Mesh_48")
surface_material_override/0 = SubResource("Mat_34")

[node name="blade_3" type="MeshInstance3D" parent="Pivot/Tuft_4"]
transform = Transform3D(0.97143, 0.23383, 0.04067, 0.00000, 0.17137, -0.98521, -0.23734, 0.95706, 0.16647, 0.01513, -0.00227, 0.02362)
mesh = SubResource("Mesh_49")
surface_material_override/0 = SubResource("Mat_34")

[node name="Tuft_5" type="Node3D" parent="Pivot"]
transform = Transform3D(1.00000, 0.00000, 0.00000, 0.00000, 1.00000, 0.00000, 0.00000, 0.00000, 1.00000, 0.62000, 0.42000, 0.00000)

[node name="blade_1" type="MeshInstance3D" parent="Pivot/Tuft_5"]
transform = Transform3D(0.99760, -0.06917, 0.00270, 0.00000, -0.03902, -0.99924, 0.06922, 0.99684, -0.03893, 0.00421, 0.01181, 0.02562)
mesh = SubResource("Mesh_50")
surface_material_override/0 = SubResource("Mat_34")

[node name="blade_2" type="MeshInstance3D" parent="Pivot/Tuft_5"]
transform = Transform3D(0.99984, -0.01767, 0.00378, 0.00000, -0.20913, -0.97789, 0.01807, 0.97773, -0.20909, -0.00357, -0.00182, 0.01805)
mesh = SubResource("Mesh_51")
surface_material_override/0 = SubResource("Mat_34")

[node name="blade_3" type="MeshInstance3D" parent="Pivot/Tuft_5"]
transform = Transform3D(0.99744, -0.06900, -0.01879, 0.00000, 0.26277, -0.96486, 0.07152, 0.96239, 0.26210, -0.00679, 0.00559, 0.02600)
mesh = SubResource("Mesh_52")
surface_material_override/0 = SubResource("Mat_34")

[node name="Tuft_6" type="Node3D" parent="Pivot"]
transform = Transform3D(1.00000, 0.00000, 0.00000, 0.00000, 1.00000, 0.00000, 0.00000, 0.00000, 1.00000, -0.16000, -0.62000, 0.00000)

[node name="blade_1" type="MeshInstance3D" parent="Pivot/Tuft_6"]
transform = Transform3D(0.99919, -0.04003, 0.00355, 0.00000, -0.08823, -0.99610, 0.04019, 0.99530, -0.08816, 0.00084, -0.00252, 0.03315)
mesh = SubResource("Mesh_53")
surface_material_override/0 = SubResource("Mat_34")

[node name="blade_2" type="MeshInstance3D" parent="Pivot/Tuft_6"]
transform = Transform3D(0.99471, 0.10255, -0.00519, 0.00000, -0.05054, -0.99872, -0.10268, 0.99344, -0.05027, -0.01299, -0.00357, 0.02473)
mesh = SubResource("Mesh_54")
surface_material_override/0 = SubResource("Mat_34")

[node name="blade_3" type="MeshInstance3D" parent="Pivot/Tuft_6"]
transform = Transform3D(0.98097, -0.18909, 0.04410, 0.00000, -0.22714, -0.97386, 0.19416, 0.95533, -0.22282, -0.01152, 0.00043, 0.02921)
mesh = SubResource("Mesh_55")
surface_material_override/0 = SubResource("Mat_34")

[node name="blade_4" type="MeshInstance3D" parent="Pivot/Tuft_6"]
transform = Transform3D(0.97938, -0.19897, 0.03495, 0.00000, -0.17302, -0.98492, 0.20201, 0.96461, -0.16945, -0.00597, -0.00530, 0.02934)
mesh = SubResource("Mesh_56")
surface_material_override/0 = SubResource("Mat_34")
